      0/99     3.29G   0.07755   0.01914   0.01624    0.1129        69       640   0.04285    0.0624   0.01949   0.00359   0.09665   0.02528   0.01661
      1/99     22.8G   0.06543   0.02031   0.01418   0.09992        94       640    0.5869   0.08292   0.04518   0.01003   0.08269    0.0269   0.01477
      2/99     21.4G   0.05919    0.0205   0.01243   0.09212        56       640    0.1497    0.2918    0.1557   0.04223   0.07504   0.02717   0.01311
      3/99     21.4G   0.05547   0.01886   0.01001   0.08434        53       640    0.2511    0.3783    0.2276   0.05567   0.07331   0.02647   0.01101
      4/99     21.4G   0.05315   0.01862  0.007458   0.07922        76       640    0.4254    0.4437    0.3897    0.1292   0.06842   0.02598  0.009046
      5/99     21.4G   0.05159   0.01795  0.005947   0.07548        98       640    0.4918    0.4506    0.4044    0.1245    0.0658   0.02629  0.008761
      6/99     21.4G   0.05009    0.0174   0.00535   0.07284        63       640    0.5448    0.5109    0.4996    0.1885   0.06681   0.02521  0.007684
      7/99     21.4G   0.04836   0.01732  0.004769   0.07045        58       640    0.5639    0.5535    0.5265    0.1973   0.06449   0.02556  0.007363
      8/99     21.4G   0.04731     0.017  0.004178   0.06849        53       640    0.5326    0.4962     0.473    0.1464    0.0673   0.02524  0.007093
      9/99     21.4G   0.04657   0.01641  0.003917   0.06689       102       640    0.5744    0.5079    0.4935    0.1778   0.06328   0.02638  0.007686
     10/99     21.4G    0.0489   0.01617  0.004119   0.06919        69       640     0.579    0.5177    0.5239    0.1758   0.06445   0.02539  0.007035
     11/99     21.4G   0.04827   0.01648  0.004078   0.06883        56       640    0.6231    0.5683    0.5559    0.1734   0.06389   0.02517  0.006826
     12/99     21.4G   0.04728   0.01608  0.003827   0.06718        80       640    0.5978    0.5581     0.565    0.2177   0.06436   0.02527  0.006743
     13/99     21.4G   0.04542   0.01581  0.003534   0.06477        82       640    0.6676    0.6193    0.6357     0.269   0.06046   0.02561  0.007317
     14/99     21.4G   0.04573    0.0152  0.003438   0.06436        44       640    0.7469    0.5962    0.6823    0.2962   0.05567    0.0261  0.006318
     15/99     21.4G   0.04476   0.01569  0.003339   0.06379        79       640    0.6558     0.623    0.6321    0.2685   0.05925   0.02627  0.007076
     16/99     21.4G   0.04447   0.01591   0.00317   0.06355        53       640    0.6299    0.6388    0.6362    0.2747   0.05867   0.02585  0.007921
     17/99     21.4G   0.04383   0.01487  0.003181   0.06188        49       640    0.7005    0.6841    0.7039    0.3113   0.05501   0.02582  0.005942
     18/99     21.4G   0.04364   0.01504  0.003241   0.06193        61       640    0.6917    0.5521    0.5991    0.2638   0.06071    0.0261  0.006791
     19/99     21.4G   0.04303   0.01582  0.003108   0.06196        55       640    0.7131    0.5694    0.6314    0.2838   0.05718   0.02682  0.006664
     20/99     21.4G   0.04296   0.01496  0.003173   0.06109        38       640    0.6303    0.5734    0.6081    0.2657   0.05808   0.02685  0.007388
     21/99     21.4G   0.04305   0.01549  0.002896   0.06143        65       640    0.7055    0.6172    0.6528    0.2999   0.06199   0.02419  0.006247
     22/99     21.4G   0.04229   0.01554  0.002948   0.06078        90       640    0.6494    0.6611    0.6799    0.2957   0.06194   0.02459   0.00581
     23/99     21.4G    0.0421   0.01515  0.002945   0.06019        56       640     0.675    0.5913    0.6341    0.2791   0.05882   0.02655  0.006864
     24/99     21.4G   0.04165   0.01514  0.002707   0.05949        43       640    0.7317    0.6278    0.7026    0.3065   0.06135   0.02469  0.005834
     25/99     21.4G   0.04057   0.01531  0.002435   0.05832        84       640    0.7359    0.6819    0.7428    0.3507   0.05968   0.02442  0.005219
     26/99     21.4G    0.0403    0.0151  0.002493    0.0579        36       640    0.7576    0.6558    0.7181    0.3218   0.06241    0.0238  0.005908
     27/99     21.4G   0.04014   0.01464  0.002325    0.0571        50       640    0.6964    0.7156    0.7471     0.354   0.06087   0.02448  0.005373
     28/99     21.4G   0.03979   0.01466   0.00235    0.0568        62       640    0.7795     0.685    0.7627    0.3565   0.06004   0.02425  0.004744
     29/99     21.4G   0.03922   0.01455  0.002134    0.0559        45       640    0.7816    0.7128    0.7865     0.375   0.05913     0.024   0.00489
     30/99     21.4G   0.03847   0.01443  0.002188   0.05509        84       640    0.7759    0.7195    0.7918    0.3878   0.05835   0.02334  0.004753
     31/99     21.4G   0.03798   0.01449  0.002054   0.05452        61       640    0.7909    0.7542    0.8083    0.4048   0.05645    0.0242  0.005356
     32/99     21.4G   0.03764   0.01429  0.002046   0.05398        65       640     0.784    0.7682    0.8021    0.3951   0.05461   0.02454  0.005455
     33/99     21.4G   0.03759   0.01419  0.002104   0.05389        32       640    0.8094    0.7089    0.7938    0.3969   0.05538   0.02476  0.005257
     34/99     21.4G   0.03703   0.01404  0.001987   0.05306        93       640    0.7562    0.7554    0.8047    0.3989   0.05727   0.02404  0.004595
     35/99     21.4G   0.03658   0.01392  0.002064   0.05256        86       640    0.8118    0.7272    0.8078     0.416   0.05593   0.02424  0.004287
     36/99     21.4G   0.03656   0.01387  0.001874   0.05231        94       640    0.8153    0.7433    0.8183    0.4167   0.05343   0.02483  0.004196
     37/99     21.4G   0.03647   0.01342  0.001813   0.05171        53       640    0.8426    0.7727    0.8364    0.4376   0.05254   0.02518  0.004356
     38/99     21.4G   0.03551   0.01344  0.001779   0.05073        52       640      0.84    0.7728    0.8471    0.4615   0.05366   0.02437  0.004084
     39/99     21.4G     0.035   0.01358  0.001651   0.05022        87       640    0.8362    0.8009    0.8578    0.4564   0.05224   0.02469  0.003975
     40/99     21.4G   0.03471    0.0132  0.001652   0.04956        89       640    0.8285    0.7365    0.8142    0.4229   0.05297     0.026  0.004153
     41/99     21.4G   0.03467   0.01315  0.001694   0.04951        55       640    0.8782     0.769    0.8688    0.4588   0.04964   0.02495  0.004024
     42/99     21.4G   0.03466    0.0137  0.001662   0.05003        58       640    0.8443     0.811    0.8717    0.4761   0.05128   0.02421  0.003859
     43/99     21.4G   0.03341   0.01263  0.001328   0.04738        55       640    0.8467    0.7862    0.8578    0.4707   0.05158   0.02528  0.004182
     44/99     21.4G   0.03395   0.01314  0.001542   0.04863        45       640    0.8361    0.8027    0.8595    0.4706   0.05097   0.02471  0.003711
     45/99     21.4G   0.03374   0.01291  0.001594   0.04825        83       640    0.8469    0.8144    0.8654    0.4751    0.0483   0.02507  0.003787
     46/99     21.4G   0.03306   0.01286  0.001665   0.04759        39       640    0.8715    0.7851    0.8654    0.4794   0.04821   0.02544  0.003804
     47/99     21.4G   0.03292   0.01284  0.001402   0.04716        70       640    0.8545    0.8367    0.8825    0.4934    0.0486   0.02527  0.003582
     48/99     21.4G    0.0325   0.01282  0.001367   0.04668        65       640    0.8623    0.8282    0.8862    0.4968   0.04768   0.02526  0.003423
     49/99     21.4G   0.03226   0.01233  0.001446   0.04603        72       640    0.8534    0.8066    0.8648     0.475   0.05005    0.0254  0.003511
     50/99     21.4G   0.03196   0.01215  0.001377   0.04548        46       640    0.8794    0.8132    0.8896    0.5089   0.04713   0.02491  0.003344
     51/99     21.4G   0.03138   0.01236  0.001286   0.04503        77       640    0.8491    0.8392    0.8812    0.5006   0.04704   0.02556  0.003281
     52/99     21.4G   0.03132   0.01218  0.001318   0.04482        59       640    0.8963    0.8554    0.9106    0.5202   0.04677   0.02445   0.00334
     53/99     21.4G   0.03175   0.01259   0.00135    0.0457        96       640    0.8901     0.813    0.8933    0.5129   0.04727   0.02544  0.003849
     54/99     21.4G   0.03086   0.01202  0.001291   0.04417        47       640    0.8735    0.8363    0.8923    0.5144   0.04747    0.0247  0.003895
     55/99     21.4G   0.03072   0.01224  0.001357   0.04432        64       640    0.8905    0.8504    0.9085    0.5313    0.0486   0.02405  0.003071
     56/99     21.4G   0.02939   0.01162   0.00107   0.04208        48       640    0.8589    0.8838    0.9115    0.5394   0.04662   0.02399  0.003051
     57/99     21.4G   0.03016   0.01163  0.001206     0.043        43       640    0.8998    0.8319    0.9083    0.5284   0.04588   0.02467  0.003023
     58/99     21.4G   0.02972   0.01202  0.001154   0.04289        60       640    0.9103    0.8373     0.903     0.538   0.04586   0.02458  0.003131
     59/99     21.4G   0.02961   0.01151  0.001128   0.04225        93       640    0.8886    0.8611    0.9017    0.5404   0.04623   0.02461  0.003055
     60/99     21.4G    0.0293   0.01139  0.001101   0.04179        58       640    0.8957    0.8493    0.9092    0.5456   0.04402   0.02555  0.002975
     61/99     21.4G     0.029   0.01191  0.001131   0.04205        59       640    0.8954    0.8514     0.907     0.548   0.04369   0.02532   0.00291
     62/99     21.4G   0.02882   0.01149  0.001045   0.04135        63       640     0.894    0.8645    0.9226    0.5579   0.04391   0.02534  0.002944
     63/99     21.4G   0.02837   0.01166  0.001159   0.04119        81       640    0.8929    0.8608    0.9166    0.5527   0.04319   0.02588   0.00294
     64/99     21.4G   0.02827    0.0115  0.001133    0.0409        56       640    0.8942    0.8592    0.9132    0.5554   0.04251   0.02498  0.002716
     65/99     21.4G   0.02789   0.01099  0.001054   0.03994        73       640    0.9122    0.8543    0.9156    0.5645   0.04332   0.02566  0.002858
     66/99     21.4G   0.02784   0.01139  0.001102   0.04034        80       640    0.8953    0.8584    0.9159    0.5539   0.04304   0.02564  0.002904
     67/99     21.4G   0.02771    0.0111  0.001034   0.03984        39       640    0.9104    0.8682    0.9266    0.5685   0.04397   0.02513   0.00272
     68/99     21.4G   0.02715   0.01095 0.0009139   0.03901        66       640    0.8918     0.879    0.9222    0.5675   0.04277   0.02562   0.00271
     69/99     21.4G   0.02646   0.01071 0.0009104   0.03808        68       640     0.912    0.8635    0.9163    0.5665   0.04231   0.02659  0.002664
     70/99     21.4G   0.02684   0.01107  0.001075   0.03898        44       640    0.9136    0.8472      0.92    0.5627   0.04262   0.02624  0.002518
     71/99     21.4G    0.0266   0.01132 0.0009882    0.0389        49       640    0.9044    0.8825    0.9257    0.5734   0.04314   0.02558  0.002492
     72/99     21.4G   0.02638    0.0108 0.0009943   0.03818        49       640    0.9092    0.8922    0.9344    0.5843   0.04281   0.02567  0.002489
     73/99     21.4G   0.02575   0.01089 0.0008768   0.03752        49       640    0.9153     0.883    0.9345    0.5892   0.04312    0.0256  0.002435
     74/99     21.4G   0.02575   0.01065 0.0009218   0.03732        78       640    0.9113    0.8785      0.93    0.5789   0.04243   0.02576  0.002357
     75/99     21.4G   0.02558   0.01073 0.0008298   0.03714        58       640    0.9314    0.8599    0.9258     0.582   0.04317   0.02529   0.00234
     76/99     21.4G   0.02557   0.01051 0.0008217   0.03691        69       640    0.9223    0.8749    0.9304    0.5933   0.04279   0.02544  0.002291
     77/99     21.4G    0.0251   0.01018 0.0008067   0.03609        61       640    0.9157    0.8901    0.9306    0.5936   0.04232   0.02547  0.002291
     78/99     21.4G   0.02482   0.01038 0.0007336   0.03593        74       640    0.9286    0.8725    0.9329    0.5911    0.0416   0.02548  0.002277
     79/99     21.4G    0.0253   0.01088 0.0009105   0.03709        66       640    0.8997    0.8836      0.93    0.5942   0.04201   0.02558  0.002221
     80/99     21.4G   0.02504   0.01071 0.0008718   0.03663        54       640    0.9109    0.8891    0.9283     0.596   0.04178   0.02594  0.002137
     81/99     21.4G   0.02441   0.01027 0.0007117   0.03539        60       640     0.937     0.867    0.9367    0.5988   0.04214   0.02549  0.002091
     82/99     21.4G   0.02442   0.01026 0.0008145   0.03549        60       640     0.916    0.8789    0.9303    0.5991   0.04182   0.02562  0.002206
     83/99     21.4G   0.02383   0.01002 0.0007238   0.03457        68       640    0.9174    0.8881    0.9348    0.6012   0.04179   0.02578  0.002139
     84/99     21.4G   0.02415    0.0104  0.000873   0.03542        92       640    0.9355    0.8763    0.9354      0.61   0.04113   0.02586   0.00212
     85/99     21.4G   0.02412   0.01031 0.0008485   0.03529        60       640    0.9296    0.8961    0.9389    0.6092   0.04091   0.02596  0.002091
     86/99     21.4G   0.02409   0.01019 0.0008283   0.03512        97       640    0.9167    0.8934    0.9328    0.6101   0.04166   0.02581  0.002072
     87/99     21.4G   0.02384  0.009927 0.0007475   0.03452        76       640    0.9216    0.8864    0.9351    0.6137   0.04129   0.02555  0.002054
     88/99     21.4G   0.02385   0.01043 0.0007891   0.03507        84       640    0.9269    0.8893    0.9339     0.614   0.04135    0.0257  0.002008
     89/99     21.4G   0.02335   0.01019 0.0006884   0.03422        72       640    0.9265    0.8928    0.9366    0.6123   0.04169   0.02582  0.001994
     90/99     21.4G   0.02326   0.01011 0.0006653   0.03404        86       640    0.9201    0.8947    0.9347    0.6139    0.0413   0.02584  0.001995
     91/99     21.4G   0.02325  0.009707 0.0006949   0.03365        39       640    0.9166    0.8879    0.9349    0.6153   0.04147    0.0258   0.00197
     92/99     21.4G   0.02306  0.009837 0.0006718   0.03357        72       640    0.9168     0.899    0.9392    0.6214   0.04133   0.02599  0.001969
     93/99     21.4G   0.02273  0.009808  0.000653   0.03319        78       640    0.9111    0.9074    0.9361    0.6193   0.04095   0.02606  0.001922
     94/99     21.4G    0.0225  0.009741 0.0006367   0.03288        47       640    0.9328    0.8938    0.9336    0.6177    0.0411   0.02591  0.001919
     95/99     21.4G     0.023  0.009637   0.00073   0.03336        44       640     0.933    0.8871    0.9372    0.6187   0.04072   0.02631  0.001872
     96/99     21.4G   0.02286   0.01012 0.0007735   0.03376        77       640    0.9442    0.8673     0.934    0.6154   0.04101   0.02634  0.001858
     97/99     21.4G    0.0225  0.009685 0.0007521   0.03294        47       640     0.936    0.8824    0.9362     0.627   0.03993   0.02634  0.001811
     98/99     21.4G   0.02252  0.009704 0.0006633   0.03289        43       640    0.9436    0.8821    0.9377    0.6235    0.0403   0.02649   0.00182
     99/99     21.4G   0.02252  0.009641 0.0007143   0.03287        50       640    0.9433    0.8853    0.9384    0.6208   0.04039   0.02642  0.001815
