      0/99     3.23G   0.07055   0.01414   0.01733     0.102        39       640   0.01129    0.1241  0.009672  0.001539   0.09274   0.01075   0.01704
      1/99     21.3G   0.05794   0.01291   0.01551   0.08636        54       640   0.01995   0.09776  0.007629  0.001701   0.07915  0.009618   0.01655
      2/99     21.7G   0.05347   0.01355   0.01459   0.08161        54       640    0.0735   0.09694   0.04052   0.01422   0.07268  0.009569    0.0132
      3/99     21.7G   0.05357   0.01293   0.01399   0.08049        38       640    0.1791    0.1501   0.05253   0.01563   0.07576   0.00926   0.01255
      4/99     21.7G   0.05288   0.01262   0.01335   0.07884        48       640    0.1594    0.1466   0.07041   0.01854    0.0721  0.009861   0.01242
      5/99     21.7G   0.05345   0.01214   0.01291    0.0785        60       640   0.07451    0.2044    0.0568   0.01519    0.0742  0.009699   0.01126
      6/99     21.7G   0.05197   0.01208   0.01239   0.07643        52       640    0.1527    0.2014   0.08864   0.02059   0.07439  0.009396   0.01113
      7/99     21.7G   0.05141   0.01206   0.01179   0.07526        62       640    0.1526     0.181   0.09107   0.02581   0.07078  0.009964   0.01099
      8/99     21.7G   0.05079   0.01179   0.01082    0.0734        47       640    0.1638    0.2388   0.09051     0.026   0.08715  0.008933   0.01068
      9/99     21.7G   0.05096   0.01138   0.01086    0.0732        30       640   0.07837    0.1708   0.03554   0.01115   0.07854  0.009495   0.01144
     10/99     21.7G   0.05257   0.01167   0.01082   0.07506        55       640    0.1058    0.1628    0.0591   0.01475   0.08325  0.009068   0.01062
     11/99     21.7G   0.05215    0.0111   0.01018   0.07343        59       640    0.1837    0.2205   0.09991   0.03478   0.07564  0.009558  0.009759
     12/99     21.7G   0.05261   0.01106  0.009564   0.07323        55       640    0.1824    0.1534   0.07592   0.02023   0.07785  0.009864   0.01112
     13/99     21.7G   0.05449   0.01143  0.009919   0.07584        50       640   0.07027    0.1853   0.04417   0.01044   0.07755   0.01008   0.01043
     14/99     21.7G   0.05338    0.0108  0.009896   0.07408        37       640    0.1667     0.201    0.1116   0.03462   0.07959  0.009637  0.009463
     15/99     21.7G   0.05374   0.01147   0.01106   0.07626        32       640   0.05819    0.1513   0.03294  0.006933   0.08545  0.009963   0.01087
     16/99     21.7G   0.05335   0.01154     0.011   0.07589        47       640    0.1702    0.1313   0.06507   0.02165   0.08425  0.009625   0.01306
     17/99     21.7G   0.05625   0.01174   0.01155   0.07954        63       640   0.07251     0.108   0.02539  0.009456    0.1015  0.009212   0.01441
     18/99     21.7G   0.05524   0.01165   0.01256   0.07946        58       640   0.02316   0.01531   0.00228 0.0009893    0.1029  0.009294   0.01226
     19/99     21.7G   0.05504    0.0116   0.01279   0.07943        60       640   0.06125   0.07521   0.01304  0.004358   0.08732   0.01002    0.0125
     20/99     21.7G    0.0543   0.01211   0.01274   0.07915        38       640   0.03745   0.05695  0.009674   0.00277   0.09144   0.01021   0.01331
     21/99     21.7G   0.05361   0.01196    0.0124   0.07797        42       640    0.1251    0.1708   0.05416   0.01312   0.08108  0.009557    0.0137
